25 25
1 1 1 1 1 1 1 1 1 1 1 1 1 1 1 1 1 1 1 1 1 1 1 1 1
1 0 0 0 0 0 0 0 0 0 0 0 0 0 0 0 0 0 0 0 0 0 0 0 1
1 0 1 0 1 0 1 1 1 1 1 1 0 1 1 1 1 1 1 0 1 0 1 0 1
1 0 1 3 1 0 0 0 0 0 0 0 2 0 0 0 0 0 0 0 1 3 1 0 1
1 0 1 1 1 0 1 1 1 0 1 1 1 1 1 1 1 1 1 0 1 1 1 0 1
1 0 0 0 0 0 0 0 0 0 1 0 0 0 0 0 0 0 0 0 0 0 0 0 1
1 0 1 0 1 0 1 1 1 0 1 1 1 1 1 0 1 1 1 0 1 0 1 0 1
1 0 1 0 1 0 1 0 0 0 0 0 1 0 0 0 0 0 1 0 1 0 1 0 1
1 0 1 0 1 0 1 0 1 1 1 0 1 0 1 1 1 0 1 0 1 0 1 0 1
1 0 1 0 1 0 0 0 1 0 0 0 0 0 0 0 1 0 0 0 0 0 1 0 1
1 0 1 0 1 0 1 0 1 0 1 1 0 1 1 0 1 0 1 1 1 0 1 0 1
1 0 1 0 1 0 1 0 0 0 1 0 0 0 1 0 0 0 1 0 1 0 1 0 1
1 0 0 0 1 0 1 1 1 0 0 0 0 0 0 0 1 1 1 0 1 0 0 0 1
1 0 1 0 1 0 1 0 0 0 1 0 0 0 1 0 0 0 1 0 1 0 1 0 1
1 0 1 0 1 1 1 0 1 0 1 1 0 1 1 0 1 0 1 0 1 0 1 0 1
1 0 1 0 0 0 0 0 1 0 0 0 0 0 0 0 1 0 0 0 1 0 1 0 1
1 0 1 0 1 0 1 0 1 1 1 0 1 0 1 1 1 0 1 0 1 0 1 0 1
1 0 1 0 1 0 1 0 0 0 0 0 1 0 0 0 0 0 1 0 1 0 1 0 1
1 0 1 0 1 0 1 1 1 0 1 1 1 1 1 0 1 1 1 0 1 0 1 0 1
1 0 0 0 0 0 0 0 0 0 0 0 0 0 1 0 0 0 0 0 0 0 0 0 1
1 0 1 1 1 0 1 1 1 1 1 1 1 1 1 0 1 1 1 0 1 1 1 0 1
1 0 1 3 1 0 0 0 0 0 0 0 0 0 0 0 0 0 0 0 1 3 1 0 1
1 0 1 0 1 0 1 1 1 1 1 1 0 1 1 1 1 1 1 0 1 0 1 0 1
1 0 0 0 0 0 0 0 0 0 0 0 0 0 0 0 0 0 0 0 0 0 0 0 1
1 1 1 1 1 1 1 1 1 1 1 1 1 1 1 1 1 1 1 1 1 1 1 1 1
19 17

25 25
1 1 1 1 1 1 1 1 1 1 1 1 1 1 1 1 1 1 1 1 1 1 1 1 1
1 0 0 0 0 0 0 0 0 0 0 0 0 0 0 0 0 0 0 0 0 0 0 0 1
1 0 1 1 1 1 0 0 1 1 1 0 0 0 1 1 1 0 0 1 1 1 1 0 1
1 0 1 0 0 1 0 0 0 0 1 0 0 0 1 0 0 0 0 1 0 0 1 0 1
1 0 1 0 0 0 0 0 0 0 1 0 0 0 1 0 0 0 0 0 0 4 1 0 1
1 0 1 1 1 1 0 0 1 1 1 0 0 0 1 1 1 0 0 1 1 1 1 0 1
1 0 0 0 0 0 0 0 0 0 0 0 0 0 0 0 0 0 0 0 0 0 0 0 1
1 0 0 0 0 0 0 0 0 0 0 0 0 0 0 0 0 0 0 0 0 0 0 0 1
1 0 1 0 0 1 0 0 1 1 1 0 0 0 1 1 1 0 0 1 0 0 1 0 1
1 0 1 0 0 1 0 0 1 0 0 0 0 0 0 0 1 0 0 1 0 0 1 0 1
1 0 1 1 1 1 0 0 1 0 0 0 0 0 0 0 1 0 0 1 1 1 1 0 1
1 0 0 0 0 0 0 0 0 0 0 0 1 0 0 0 0 0 0 0 0 0 0 0 1
1 0 0 0 0 0 0 0 0 0 0 1 1 1 0 0 0 0 0 0 0 0 0 0 1
1 0 0 0 0 0 0 0 0 0 0 0 1 0 0 0 0 0 0 0 0 0 0 0 1
1 0 1 1 1 1 0 0 1 0 0 0 0 0 0 0 1 0 0 1 1 1 1 0 1
1 0 1 0 0 1 0 0 1 0 0 0 0 0 0 0 1 0 0 1 0 0 1 0 1
1 0 1 0 0 1 0 0 1 1 1 0 0 0 1 1 1 0 0 1 0 0 1 0 1
1 0 0 0 0 0 0 0 0 0 0 0 0 0 0 0 0 0 0 0 0 0 0 0 1
1 0 0 0 0 0 0 0 0 0 0 0 0 0 0 0 0 0 0 0 0 0 0 0 1
1 0 1 1 1 1 0 0 1 1 1 0 0 0 1 1 1 0 0 1 1 1 1 0 1
1 0 1 0 0 0 0 0 0 0 1 0 0 0 1 0 0 0 0 0 0 0 1 0 1
1 0 1 2 0 1 0 0 0 0 1 0 0 0 1 0 0 0 0 1 0 0 1 0 1
1 0 1 1 1 1 0 0 1 1 1 0 0 0 1 1 1 0 0 1 1 1 1 0 1
1 0 0 0 0 0 0 0 0 0 0 0 0 0 0 0 0 0 0 0 0 0 0 0 1
1 1 1 1 1 1 1 1 1 1 1 1 1 1 1 1 1 1 1 1 1 1 1 1 1
4 21

25 25
1 1 1 1 1 1 1 1 1 1 1 1 1 1 1 1 1 1 1 1 1 1 1 1 1
1 0 0 0 0 0 0 0 0 0 0 0 0 0 0 0 0 0 0 0 0 0 0 0 1
1 0 1 1 1 1 1 1 1 1 1 0 0 0 1 1 1 0 0 1 1 1 1 0 1
1 0 1 4 0 1 0 0 0 0 1 1 1 0 1 0 0 0 0 1 0 0 1 0 1
1 0 1 0 0 0 0 1 0 0 1 0 1 1 1 0 0 0 0 0 0 0 1 0 1
1 0 1 1 1 1 0 1 1 1 1 0 0 0 1 1 1 0 0 1 1 1 1 0 1
1 0 0 0 0 0 0 0 0 0 0 0 1 1 1 0 0 0 0 0 0 0 0 0 1
1 0 0 0 0 0 0 0 0 0 0 0 1 0 0 0 0 0 0 0 0 0 0 0 1
1 0 1 0 0 1 0 0 1 1 1 0 1 0 1 1 1 0 0 1 0 0 1 0 1
1 0 1 0 0 1 0 0 1 0 0 0 1 0 0 0 1 0 0 1 0 0 1 0 1
1 0 1 1 1 1 0 0 1 0 0 0 1 0 0 0 1 0 0 1 1 1 1 0 1
1 0 0 0 0 0 0 0 0 0 0 0 1 0 0 0 0 0 0 0 0 1 0 0 1
1 0 0 0 0 1 1 1 1 1 1 1 1 1 1 1 1 0 0 0 1 1 0 0 1
1 0 0 0 0 1 0 0 0 0 0 0 1 2 0 0 1 0 0 0 1 0 0 0 1
1 0 1 1 1 1 0 0 1 0 1 0 1 0 1 0 1 0 0 1 1 1 1 0 1
1 0 1 0 0 1 0 0 1 0 0 0 1 0 0 0 1 1 1 1 0 0 1 0 1
1 0 1 0 0 1 0 0 1 1 1 0 0 0 1 1 1 0 0 1 0 0 1 0 1
1 0 0 0 0 1 0 0 0 0 0 1 1 0 0 0 0 0 0 0 0 0 0 0 1
1 0 0 0 0 0 0 0 1 0 0 1 0 1 1 1 1 0 0 0 0 0 0 0 1
1 0 1 1 1 1 0 0 1 1 1 0 0 0 1 1 1 0 0 1 1 1 1 0 1
1 0 1 0 0 0 0 0 0 0 1 0 0 0 1 0 0 0 0 0 0 0 1 0 1
1 0 1 0 0 1 0 0 0 0 1 0 0 0 1 0 0 0 0 1 0 0 1 0 1
1 0 1 1 1 1 0 0 1 1 1 0 0 0 1 1 1 0 0 1 1 1 1 0 1
1 0 0 0 0 0 0 0 0 0 0 0 0 0 0 0 0 0 0 0 0 0 0 1 1
1 1 1 1 1 1 1 1 1 1 1 1 1 1 1 1 1 1 1 1 1 1 1 1 1
3 3

25 25
1 1 1 1 1 1 1 1 1 1 1 1 1 1 1 1 1 1 1 1 1 1 1 1 1
1 0 0 0 0 0 0 0 0 0 0 0 0 0 0 0 0 0 0 0 0 0 0 0 1
1 0 1 0 1 0 1 1 1 1 1 1 0 1 1 1 1 1 1 0 1 0 1 0 1
1 0 1 0 1 0 0 0 0 0 0 0 2 0 0 0 0 0 0 0 1 0 1 0 1
1 0 1 1 1 0 1 1 1 1 1 1 1 1 1 1 1 1 1 0 1 1 1 0 1
1 0 0 0 0 0 0 0 0 0 0 0 0 0 0 0 0 0 0 0 0 0 0 0 1
1 0 1 0 1 0 1 1 1 0 1 1 1 1 1 0 1 1 1 0 1 0 1 0 1
1 0 1 0 1 0 1 0 0 0 0 0 1 0 0 0 0 0 1 0 1 0 1 0 1
1 0 1 0 1 0 1 0 1 1 1 0 1 0 1 1 1 0 1 0 1 0 1 0 1
1 0 1 0 1 0 0 0 1 0 0 0 0 0 0 0 1 0 0 0 1 0 1 0 1
1 0 1 0 1 0 1 0 1 0 1 1 0 1 1 0 1 0 1 0 1 0 1 0 1
1 0 1 0 1 0 1 0 0 0 1 0 0 0 1 0 0 0 1 0 1 0 1 0 1
1 0 1 2 1 0 1 1 1 0 0 0 4 0 0 0 1 1 1 0 1 2 1 0 1
1 0 1 0 1 0 1 0 0 0 1 0 0 0 1 0 0 0 1 0 1 0 1 0 1
1 0 1 0 1 0 1 0 1 0 1 1 0 1 1 0 1 0 1 0 1 0 1 0 1
1 0 1 0 1 0 0 0 1 0 0 0 0 0 0 0 1 0 0 0 1 0 1 0 1
1 0 1 0 1 0 1 0 1 1 1 0 1 0 1 1 1 0 1 0 1 0 1 0 1
1 0 1 0 1 0 1 0 0 0 0 0 1 0 0 0 0 0 1 0 1 0 1 0 1
1 0 1 0 1 0 1 1 1 0 1 1 1 1 1 0 1 1 1 0 1 0 1 0 1
1 0 0 0 0 0 0 0 0 0 0 0 0 0 0 0 0 0 0 0 0 0 0 0 1
1 0 1 1 1 0 1 1 1 1 1 1 1 1 1 1 1 1 1 0 1 1 1 0 1
1 0 1 0 1 0 0 0 0 0 0 0 2 0 0 0 0 0 0 0 1 0 1 0 1
1 0 1 0 1 0 1 1 1 1 1 1 0 1 1 1 1 1 1 0 1 0 1 0 1
1 0 0 0 0 0 0 0 0 0 0 0 0 0 0 0 0 0 0 0 0 0 0 0 1
1 1 1 1 1 1 1 1 1 1 1 1 1 1 1 1 1 1 1 1 1 1 1 1 1
12 12

25 25
1 1 1 1 1 1 1 1 1 1 1 1 1 1 1 1 1 1 1 1 1 1 1 1 1
1 0 0 1 0 0 0 0 0 0 0 0 0 1 0 0 0 0 0 0 0 0 0 0 1
1 0 1 1 0 1 1 1 1 0 1 1 1 1 1 1 1 0 1 0 0 0 0 0 1
1 0 0 0 0 1 0 0 0 0 0 0 0 1 0 0 0 0 1 0 1 1 1 0 1
1 1 1 1 1 1 0 1 1 0 1 1 0 1 0 1 1 1 1 0 1 0 1 0 1
1 0 0 0 0 1 0 1 0 0 0 1 0 0 0 1 4 0 0 0 1 0 1 0 1
1 0 1 1 1 1 0 1 1 1 1 1 1 0 1 1 0 1 1 0 1 0 1 1 1
1 0 1 0 0 1 0 0 0 0 1 0 1 1 1 0 0 1 0 0 1 0 0 0 1
1 0 1 0 1 1 1 1 1 0 1 0 1 0 0 0 1 1 1 0 1 0 0 0 1
1 0 1 0 0 0 1 0 0 0 1 0 1 0 1 1 1 0 1 1 1 0 0 0 1
1 0 1 0 1 0 1 0 1 0 0 0 1 0 1 0 0 0 1 0 0 0 1 1 1
1 0 1 0 1 0 1 0 1 0 1 1 1 0 1 1 1 0 1 0 1 0 1 0 1
1 0 1 0 1 0 0 0 1 0 0 0 1 0 0 0 0 0 1 0 1 0 1 0 1
1 0 1 1 1 1 1 1 1 0 1 0 1 1 1 1 0 1 1 0 1 0 0 0 1
1 0 0 0 0 0 0 0 1 0 1 0 0 0 0 1 0 0 0 0 1 0 0 1 1
1 0 1 1 1 1 1 0 1 0 1 0 1 1 0 1 1 0 1 1 1 0 1 0 1
1 0 0 0 0 0 1 0 1 0 1 0 1 0 0 0 1 0 1 0 1 0 1 0 1
1 1 1 0 1 0 1 0 1 0 1 0 1 0 1 1 1 0 1 0 1 0 0 0 1
1 0 1 0 1 0 1 0 1 1 1 0 1 0 0 0 1 1 1 0 1 0 0 0 1
1 0 0 0 1 0 1 0 0 0 0 0 1 0 1 0 0 0 0 0 1 0 0 0 1
1 0 1 1 1 0 1 1 1 1 1 1 1 1 1 1 1 1 1 0 1 1 1 0 1
1 0 1 0 1 0 0 0 0 0 0 0 0 2 0 0 0 0 0 0 1 0 1 0 1
1 0 1 0 1 0 1 1 1 1 1 1 0 1 1 1 1 1 1 0 1 0 1 0 1
1 0 0 0 0 0 0 0 0 0 0 0 0 0 0 0 0 0 0 0 0 0 0 0 1
1 1 1 1 1 1 1 1 1 1 1 1 1 1 1 1 1 1 1 1 1 1 1 1 1
5 16

25 25
1 1 1 1 1 1 1 1 1 1 1 1 1 1 1 1 1 1 1 1 1 1 1 1 1
1 0 0 0 0 0 0 0 0 0 0 0 0 0 0 0 0 0 0 0 0 0 0 1 1
1 1 0 0 0 0 0 0 0 1 0 1 1 1 1 1 1 1 1 1 1 0 0 0 1
1 1 1 0 0 1 0 0 1 0 0 0 0 1 1 1 0 0 1 0 1 0 0 0 1
1 0 0 0 1 1 1 1 1 0 0 0 0 1 1 0 0 1 1 0 1 0 0 0 1
1 0 0 0 0 0 0 0 1 1 1 1 0 0 0 0 1 1 1 0 1 0 0 1 1
1 1 1 1 1 1 0 0 1 1 1 1 0 0 0 0 1 0 0 0 1 0 0 0 1
1 0 0 0 0 0 0 1 1 1 1 1 1 1 0 0 0 0 1 1 1 1 0 0 1
1 0 0 1 0 0 0 1 1 1 1 1 1 1 1 1 0 0 0 0 0 0 0 0 1
1 0 1 1 1 0 0 1 1 1 1 1 1 1 1 0 0 0 0 1 1 1 1 0 1
1 0 1 1 1 1 0 0 1 1 0 0 0 0 0 0 0 1 1 1 0 0 0 0 1
1 0 1 1 1 1 1 0 4 0 0 0 1 0 0 0 0 0 1 1 0 0 1 1 1
1 0 1 1 1 1 1 0 0 1 1 1 1 0 0 0 0 0 0 1 0 0 0 0 1
1 0 1 0 0 0 0 0 1 1 1 1 1 1 1 1 0 0 0 1 0 1 1 0 1
1 0 0 0 1 0 0 0 0 0 0 1 1 1 0 0 0 0 0 1 0 1 1 0 1
1 0 0 1 1 1 0 0 1 0 0 0 0 0 0 0 0 0 1 1 0 1 1 0 1
1 0 0 1 1 1 0 0 1 1 0 0 1 1 1 1 0 1 1 1 0 1 1 0 1
1 0 0 1 1 1 0 0 1 1 0 0 1 1 1 1 0 1 1 1 0 1 1 0 1
1 0 0 1 1 1 0 0 1 1 0 0 1 0 0 0 0 0 0 0 0 0 0 0 1
1 0 0 1 1 1 0 0 1 1 0 1 1 0 0 1 1 1 1 1 0 0 1 1 1
1 1 1 1 1 1 0 0 1 1 0 0 0 0 0 1 1 1 1 1 0 0 1 1 1
1 1 0 0 0 0 0 0 1 1 0 0 1 1 1 0 0 0 0 0 0 0 0 1 1
1 1 0 1 1 1 1 1 1 0 0 0 1 1 0 0 1 1 1 1 0 1 0 0 1
1 0 0 0 0 0 0 0 0 0 0 0 1 1 0 0 0 1 1 1 0 1 0 2 1
1 1 1 1 1 1 1 1 1 1 1 1 1 1 1 1 1 1 1 1 1 1 1 1 1
11 8
